[1] 4378 76 단일계열 49003413 김기훈 1 
[2] 5505 90.5 수학과 20140843 엄태강 4 
[3] 2659 86.1 물리학과 20150462 박성빈 4 
[4] 9899 86.2 화학과 20160091 유선주 4 
[5] 4699 60.2 화학과 20160522 한소은 4 
[6] 6610 87.1 생명과학과 20170573 김성남 3 
[7] 6045 84.7 생명과학과 20180404 정세형 2 
[8] 5656 94.2 산업경영공학과 20150731 이제훈 3 
[9] 6547 84.5 산업경영공학과 20160688 신재민 4 
[10] 4665 29.3 컴퓨터공학과 20160519 구민수 3 
[11] 1838 75.4 컴퓨터공학과 20180026 이상윤 2 
[12] 1971 86.8 컴퓨터공학과 20180038 박형규 2 
[13] 2105 78.3 컴퓨터공학과 20180050 최은수 2 
[14] 2272 89.5 컴퓨터공학과 20180065 최영빈 2 
[15] 2417 76.1 컴퓨터공학과 20180078 유태현 2 
[16] 2873 85.3 컴퓨터공학과 20180119 최수아 2 
[17] 2973 80.8 컴퓨터공학과 20180128 이해찬 2 
[18] 3552 84.5 컴퓨터공학과 20180180 최검기 2 
[19] 3641 82.6 컴퓨터공학과 20180188 서승연 2 
[20] 3875 92.8 컴퓨터공학과 20180209 박세하 2 
[21] 4487 90.7 컴퓨터공학과 20180264 국현호 2 
[22] 4721 75.5 컴퓨터공학과 20180285 이신범 2 
[23] 4821 28 컴퓨터공학과 20180294 이종원 2 
[24] 4854 69 컴퓨터공학과 20180297 김은채 2 
[25] 5233 81.9 컴퓨터공학과 20180331 도승욱 2 
[26] 5366 81.7 컴퓨터공학과 20180343 황규현 2 
[27] 5700 81.3 컴퓨터공학과 20180373 김현지 2 
[28] 5733 82.7 컴퓨터공학과 20180376 오민현 2 
[29] 5889 89.9 컴퓨터공학과 20180390 곽성재 2 
[30] 5934 90.1 컴퓨터공학과 20180394 양희민 2 
[31] 6257 88.2 컴퓨터공학과 20180423 송문경 2 
[32] 6290 77.1 컴퓨터공학과 20180426 전유진 2 
[33] 6323 86.7 컴퓨터공학과 20180429 김인호 2 
[34] 6423 67.7 컴퓨터공학과 20180438 최정원 2 
[35] 6446 82.1 컴퓨터공학과 20180440 신현수 2 
[36] 6590 94.8 컴퓨터공학과 20180453 강병지 2 
[37] 6691 87.6 컴퓨터공학과 20180462 채승현 2 
[38] 6891 94.5 컴퓨터공학과 20180480 성창환 2 
[39] 7125 81 컴퓨터공학과 20180501 최진수 2 
[40] 7358 90.4 컴퓨터공학과 20180522 권택현 2 
[41] 7436 70.9 컴퓨터공학과 20180529 박진우 2 
[42] 7681 90 컴퓨터공학과 20180551 이준석 2 
[43] 7993 87 컴퓨터공학과 20180579 정혜일 2 
[44] 8594 81.5 컴퓨터공학과 20180633 황예찬 2 
[45] 8650 84.4 컴퓨터공학과 20180638 조은찬 2 
[46] 8761 86.5 컴퓨터공학과 20180648 박규민 2 
[47] 8850 68 컴퓨터공학과 20180656 김창은 2 
[48] 9039 91.1 컴퓨터공학과 20180673 하재현 2 
[49] 9351 80 컴퓨터공학과 20180701 김가람 2 
[50] 9507 72.1 컴퓨터공학과 20180715 신지훈 2 
[51] 9740 76.2 컴퓨터공학과 20180736 김태훈 2 
[52] 9785 86.2 컴퓨터공학과 20180740 염재후 2 
[53] 9907 89.2 컴퓨터공학과 20180751 남진환 2 
[54] 174 85 컴퓨터공학과 20180775 하석윤 2 
[55] 519 83.6 컴퓨터공학과 20180806 류누리 2 
[56] 831 80.7 컴퓨터공학과 20180834 이지은 2 
[57] 1276 36.7 컴퓨터공학과 20180874 김선웅 2 
[58] 1666 84.4 컴퓨터공학과 20180909 김형진 2 
[59] 1744 79.3 컴퓨터공학과 20180916 임경빈 2 
[60] 1766 82.6 컴퓨터공학과 20180918 강민호 2 
[61] 1877 92.4 컴퓨터공학과 20180928 권민아 2 
[62] 1955 80.4 컴퓨터공학과 20180935 이승주 2 
[63] 2100 90.5 컴퓨터공학과 20180948 김우주 2 
[64] 2156 50.8 컴퓨터공학과 20180953 박수빈 2 
[65] 2345 90.5 컴퓨터공학과 20180970 김서연 2 
[66] 2523 86.3 컴퓨터공학과 20180986 오정택 2 
[67] 3555 75.2 화학공학과 20140668 노진우 4 
[68] 5619 82.1 창의IT융합공학과 20170484 한승목 3 
[69] 7991 71.7 창의IT융합공학과 20170697 김승일 3 
[70] 8859 73.1 창의IT융합공학과 20170775 김재진 3 
[71] 2962 86.5 창의IT융합공학과 20180127 이하은 2 
[72] 3485 86.9 창의IT융합공학과 20180174 김민석 2 
[73] 9340 82.4 창의IT융합공학과 20180700 신승주 2 
[74] 8313 78 창의IT융합공학과 20190492 김대환 1 
[75] 9014 62.9 창의IT융합공학과 20190555 배환민 1 
[76] 9303 88.1 창의IT융합공학과 20190581 정윤성 1 
[77] 2494 84.4 무은재학부 20180085 송수민 2 
